21 0.609810 0.131524 0.200669 0.254697
21 0.476031 0.368476 0.158305 0.198330
21 0.356187 0.467641 0.148272 0.204593
21 0.586399 0.468685 0.169454 0.160752
21 0.783166 0.282881 0.139353 0.244259
21 0.927536 0.303758 0.129320 0.260960
21 0.837793 0.682672 0.179487 0.237996
21 0.711260 0.730689 0.169454 0.129436
21 0.506132 0.768267 0.238573 0.237996
21 0.231884 0.733820 0.229654 0.273486
21 0.072464 0.694154 0.142698 0.286013
21 0.235229 0.463466 0.120401 0.250522
21 0.307135 0.360125 0.152731 0.223382
21 0.624861 0.355950 0.154961 0.144050
21 0.824415 0.510438 0.157191 0.185804
21 0.366221 0.890397 0.226310 0.210856
21 0.563545 0.901879 0.197324 0.179541
21 0.729654 0.853862 0.197324 0.237996
21 0.915273 0.864301 0.160535 0.217119
21 0.953735 0.662839 0.076923 0.231733
