21 0.573021 0.286013 0.314381 0.288100
21 0.731884 0.545929 0.322185 0.286013
21 0.381828 0.421712 0.331104 0.271399
21 0.291527 0.704593 0.297659 0.294363
21 0.580825 0.641962 0.258640 0.294363
21 0.620959 0.890397 0.316611 0.210856
21 0.132107 0.456159 0.259755 0.281837
21 0.085284 0.276618 0.157191 0.185804
21 0.165552 0.147182 0.306577 0.240084
21 0.280379 0.277662 0.246377 0.221294
21 0.075808 0.647182 0.142698 0.304802
21 0.093088 0.863257 0.150502 0.202505
21 0.773133 0.112735 0.371237 0.217119
21 0.492754 0.133612 0.280936 0.258873
21 0.904125 0.359081 0.180602 0.308977
21 0.914716 0.678497 0.150502 0.317328
21 0.892977 0.917537 0.200669 0.152401
